,dataset,model,trial,train_accuracy,train_precision,train_recall,train_specificity,train_f1,train_auc,train_logloss,test_accuracy,test_precision,test_recall,test_specificity,test_f1,test_auc,test_logloss
0,chess,tree,1,0.6664,0.6340310600945307,0.7627944760357434,0.5728920409771474,0.6924778761061946,0.6678432585064454,11.52230915806507,0.6363394873157125,0.6154707265196463,0.7292744395808463,0.5431573347519617,0.667557066537154,0.636215887166404,12.560571533782946
1,chess,tree,2,0.6896,0.7176033441709243,0.620731217356368,0.7578653922739944,0.6656613528651444,0.6892983048151813,10.720933424027788,0.6460353300571124,0.6647538508003624,0.5859957401490948,0.7058043996819507,0.6228951464553559,0.6459000699155228,12.22562447145497
2,chess,tree,3,0.6818,0.6576388888888889,0.7579031612645059,0.6057576969212315,0.7042201152630602,0.6818304290928687,10.990396329473814,0.6451055917120467,0.6224188790560472,0.7312716608904292,0.5595553202752779,0.6724687423388086,0.6454134905828535,12.257795332358238
3,chess,tree,4,0.655,0.6582435791217895,0.6384089995982323,0.6714456391875747,0.6481745869875586,0.6549273193929035,11.916009789820167,0.6374020454243592,0.6391375101708706,0.6273961661341853,0.6473628412403922,0.6332124143490528,0.6373795036872887,12.52383097655559
4,chess,tree,5,0.6758,0.6456447080861693,0.8097102584181676,0.535977105478332,0.7184297377106131,0.6728436819482498,11.197652815846697,0.6494886439102139,0.612558380902958,0.7925339062709816,0.5095256865063723,0.6910197869101979,0.6510297963886771,12.106431578532707
5,chess,tree,avg,0.67372,0.6626323160724604,0.7179096225346034,0.628787574967656,0.6857927337865142,0.6733485987511297,11.269460303446706,0.642874219683889,0.630867869489977,0.6932943826051073,0.5930811164911909,0.6574306313181137,0.6431877495481493,12.33485077853689
6,chess,log_reg,1,0.6468,0.6580381471389646,0.5885458976441917,0.7033096926713948,0.6213550600343054,0.6459277951577933,12.19921624205544,0.6485589055651481,0.6700984102952309,0.5870805146571163,0.7102008245777364,0.6258484162895926,0.6486406696174264,12.138461084119253
7,chess,log_reg,2,0.656,0.6639658848614073,0.6255524306950583,0.6861808044603743,0.6441870086884568,0.6558666175777164,11.881465096404272,0.6452384114756275,0.6492024202420242,0.6284611288604899,0.6619401007156109,0.6386634199134199,0.6452006147880505,12.25316664063337
8,chess,log_reg,3,0.6482,0.6545530492898914,0.6270508203281312,0.6693322670931627,0.6405068465154303,0.648191543710647,12.150873789144532,0.6484924956833577,0.6514465926230633,0.6332977872567316,0.6635786130227633,0.642244001351808,0.6484382001397475,12.140774075901833
9,chess,log_reg,4,0.6456,0.6506935687263556,0.6219365206910406,0.6690561529271206,0.6359901396877568,0.6454963368090806,12.240675247449245,0.6490237747376809,0.651558459235062,0.6372470713525027,0.6607474158494566,0.6443233057406287,0.6489972436009797,12.122425303262336
10,chess,log_reg,5,0.649,0.6530065109153581,0.6675802662490211,0.6295993458708095,0.6602129719264279,0.6485898060599153,12.123255401668,0.6500863328463276,0.6417230609057782,0.6621458305357862,0.638286690316647,0.6517745026766241,0.6502162604262166,12.08573609486716
11,chess,log_reg,avg,0.64912,0.6560514321863954,0.6261331871214886,0.6714956526045723,0.6404504053704754,0.6488144198630306,12.119097155344297,0.6482799840616282,0.6528057886602318,0.6296464665325254,0.6669507288964428,0.6405707291944147,0.6482985977144842,12.14811263975679
12,chess,perceptron,1,0.5302,0.511988117971568,0.9800974817221771,0.0937746256895193,0.6726132404181183,0.5369360537058483,16.226684965146926,0.5436312923362996,0.5237012294790704,0.9774505902639608,0.10865806623221173,0.681999074502545,0.5430543282480863,15.762772631677738
13,chess,perceptron,2,0.5028,0.5003017501508751,0.9991964644435516,0.010752688172043012,0.6667560321715817,0.5049745763077973,17.17307686355291,0.5029220347987781,0.5009007806765864,0.9993343982960596,0.008746355685131196,0.6673185474909996,0.5040403769905955,17.168861887679924
14,chess,perceptron,3,0.5294,0.8509615384615384,0.07082833133253301,0.9876049580167933,0.13077207240487626,0.5292166446746631,16.253953128949032,0.5363262053393545,0.8571428571428571,0.08317781924820047,0.9862361037586025,0.15164034021871203,0.5347069615034015,16.014731036485532
15,chess,perceptron,4,0.5216,0.5100227319694152,0.991562876657292,0.05575467941059339,0.6735807860262009,0.5236587780339427,16.523729796426668,0.522180900517997,0.5108987141580141,0.989084132055378,0.057381394116087996,0.67377012015416,0.523232763085733,16.503664742854518
16,chess,perceptron,5,0.5834,0.5536080127475529,0.9522317932654659,0.1982829108748978,0.7001583417302432,0.5752573520701818,14.389167848231912,0.5620268295922434,0.5319388214125056,0.9527326440177253,0.17973985021679148,0.682703872985326,0.5662362471172584,15.127388910293044
17,chess,perceptron,avg,0.53348,0.5853764302601899,0.798783389484204,0.26923397243276936,0.5687760945502041,0.5340086809584866,16.113322520461487,0.5334174525169344,0.5849164805738066,0.8003559167762649,0.26815235400176496,0.5714863910703485,0.5342541353890148,16.11548384179815
18,chess,knn,1,0.6624,0.6687009590235397,0.6230706742485784,0.7005516154452325,0.6450798990748529,0.6618111448469055,11.660412449731236,0.6335502722805153,0.6442129299272157,0.5987531502851837,0.6684399521212927,0.6206517255602915,0.6335965512032382,12.656857586898035
19,chess,knn,2,0.6566,0.6670995670995671,0.6191241462434712,0.693747510951812,0.6422171285684518,0.6564358285976417,11.860738792097091,0.6393943418780714,0.6436654706044714,0.6208732694355698,0.6578319639544129,0.6320639653069522,0.6393526166949914,12.455015299835951
20,chess,knn,3,0.6626,0.6676300578034682,0.6470588235294118,0.6781287485005998,0.6571834992887625,0.6625937860150057,11.653511890829124,0.6398592110506043,0.6399622997172478,0.633564382831245,0.6461090524086819,0.6367472704132897,0.6398367176199635,12.438964172740667
21,chess,knn,4,0.6572,0.6555600160578081,0.6560867818400964,0.6583034647550776,0.6558232931726907,0.657195123297587,11.840029759094403,0.6409217691592509,0.6397185716182132,0.641506922257721,0.6403392525841506,0.6406114988368229,0.6409230874209356,12.402266839866357
22,chess,knn,5,0.6586,0.6555269922879178,0.6989036805011746,0.616516762060507,0.6765207504263787,0.6577102212808408,11.791688265700412,0.6366715367246646,0.6214654536513401,0.678796830938633,0.5954539482328209,0.648867210063539,0.637125389585727,12.549084049478276
23,chess,knn,avg,0.65948,0.6629035184544602,0.6488488212725465,0.6694496203426458,0.6553649141062274,0.6591492208075961,11.761276231490452,0.6380794262186213,0.6378049451036977,0.6346989111496706,0.6416348338602719,0.6357883340361791,0.6381668725049712,12.500437589763857
24,chess,forest,1,0.9314,0.9263581488933602,0.9350121852152722,0.9278959810874704,0.9306650495249646,0.9314540831513713,2.3693893259568184,0.6624385708593439,0.6584107327141383,0.6770128664279083,0.6478255087112648,0.6675822379177294,0.6624191875695864,11.659099332535938
25,chess,forest,2,0.99,0.9876049580167933,0.9923664122137404,0.9876543209876543,0.9899799599198397,0.9900103666006974,0.345392721453175,0.6605126842874219,0.654320987654321,0.6773162939297125,0.6437847866419295,0.6656200941915228,0.6605505402858209,11.725619222252343
26,chess,forest,3,0.925,0.9214285714285714,0.929171668667467,0.9208316673330668,0.9252839210998207,0.9250016680002668,2.5904398936765376,0.6652941957763315,0.6570553712681807,0.6864836043721674,0.6442562202223399,0.6714471968709256,0.6653699122972536,11.560471666107201
27,chess,forest,4,0.9866,0.9847878302642114,0.9883487344314986,0.9848665870171247,0.9865650691798676,0.9866076607243117,0.46282568063227353,0.6656262451852836,0.6538318221338965,0.7007454739084132,0.6306652531142327,0.6764762577909145,0.665705363511323,11.54900834283525
28,chess,forest,5,0.9728,0.9682416731216111,0.9788566953797964,0.9664758789860998,0.9735202492211836,0.9726662871829481,0.9394678313394267,0.6654270155399123,0.6487955528103768,0.7052504364173493,0.6264617001708054,0.6758460944537383,0.6658560682940775,11.555892464673533
29,chess,forest,avg,0.9611600000000001,0.9576842363449094,0.9647511391815549,0.9575448870822832,0.9612028497891354,0.961148013131919,1.3415030906116463,0.6638597423296586,0.6544828933161827,0.6893617350111102,0.6385986937721144,0.6713943762449661,0.6639802143916123,11.610018205680854
