,dataset,model,trial,train_accuracy,train_precision,train_recall,train_specificity,train_f1,train_auc,train_logloss,test_accuracy,test_precision,test_recall,test_specificity,test_f1,test_auc,test_logloss
0,shrooms,tree,1,1.0,1.0,1.0,1.0,1.0,1.0,9.992007221626413e-16,1.0,1.0,1.0,1.0,1.0,1.0,9.992007221626413e-16
1,shrooms,tree,2,0.9994,1.0,0.99875,1.0,0.9993746091307067,0.999375,0.020723265836947412,0.9983994878361075,1.0,0.9967018469656992,1.0,0.9983481995374959,0.9983509234828496,0.05527973174601681
2,shrooms,tree,3,1.0,1.0,1.0,1.0,1.0,1.0,9.992007221626413e-16,1.0,1.0,1.0,1.0,1.0,1.0,9.992007221626413e-16
3,shrooms,tree,4,1.0,1.0,1.0,1.0,1.0,1.0,9.992007221626413e-16,1.0,1.0,1.0,1.0,1.0,1.0,9.992007221626413e-16
4,shrooms,tree,5,1.0,1.0,1.0,1.0,1.0,1.0,9.992007221626413e-16,1.0,1.0,1.0,1.0,1.0,1.0,9.992007221626413e-16
5,shrooms,tree,avg,0.9998799999999999,1.0,0.99975,1.0,0.9998749218261412,0.9998750000000001,0.004144653167390282,0.9996798975672215,1.0,0.9993403693931399,1.0,0.9996696399074991,0.9996701846965699,0.011055946349204161
6,shrooms,log_reg,1,1.0,1.0,1.0,1.0,1.0,1.0,9.992007221626413e-16,1.0,1.0,1.0,1.0,1.0,1.0,9.992007221626413e-16
7,shrooms,log_reg,2,1.0,1.0,1.0,1.0,1.0,1.0,9.992007221626413e-16,1.0,1.0,1.0,1.0,1.0,1.0,9.992007221626413e-16
8,shrooms,log_reg,3,1.0,1.0,1.0,1.0,1.0,1.0,9.992007221626413e-16,1.0,1.0,1.0,1.0,1.0,1.0,9.992007221626413e-16
9,shrooms,log_reg,4,1.0,1.0,1.0,1.0,1.0,1.0,9.992007221626413e-16,1.0,1.0,1.0,1.0,1.0,1.0,9.992007221626413e-16
10,shrooms,log_reg,5,1.0,1.0,1.0,1.0,1.0,1.0,9.992007221626413e-16,1.0,1.0,1.0,1.0,1.0,1.0,9.992007221626413e-16
11,shrooms,log_reg,avg,1.0,1.0,1.0,1.0,1.0,1.0,9.992007221626413e-16,1.0,1.0,1.0,1.0,1.0,1.0,9.992007221626413e-16
12,shrooms,perceptron,1,1.0,1.0,1.0,1.0,1.0,1.0,9.992007221626413e-16,1.0,1.0,1.0,1.0,1.0,1.0,9.992007221626413e-16
13,shrooms,perceptron,2,1.0,1.0,1.0,1.0,1.0,1.0,9.992007221626413e-16,1.0,1.0,1.0,1.0,1.0,1.0,9.992007221626413e-16
14,shrooms,perceptron,3,1.0,1.0,1.0,1.0,1.0,1.0,9.992007221626413e-16,0.9996798975672215,1.0,0.9993164730006835,1.0,0.9996581196581197,0.9996582365003417,0.011055946349204163
15,shrooms,perceptron,4,1.0,1.0,1.0,1.0,1.0,1.0,9.992007221626413e-16,1.0,1.0,1.0,1.0,1.0,1.0,9.992007221626413e-16
16,shrooms,perceptron,5,1.0,1.0,1.0,1.0,1.0,1.0,9.992007221626413e-16,1.0,1.0,1.0,1.0,1.0,1.0,9.992007221626413e-16
17,shrooms,perceptron,avg,1.0,1.0,1.0,1.0,1.0,1.0,9.992007221626413e-16,0.9999359795134442,1.0,0.9998632946001367,1.0,0.999931623931624,0.9999316473000682,0.002211189269841632
18,shrooms,knn,1,1.0,1.0,1.0,1.0,1.0,1.0,9.992007221626413e-16,1.0,1.0,1.0,1.0,1.0,1.0,9.992007221626413e-16
19,shrooms,knn,2,1.0,1.0,1.0,1.0,1.0,1.0,9.992007221626413e-16,1.0,1.0,1.0,1.0,1.0,1.0,9.992007221626413e-16
20,shrooms,knn,3,1.0,1.0,1.0,1.0,1.0,1.0,9.992007221626413e-16,1.0,1.0,1.0,1.0,1.0,1.0,9.992007221626413e-16
21,shrooms,knn,4,1.0,1.0,1.0,1.0,1.0,1.0,9.992007221626413e-16,1.0,1.0,1.0,1.0,1.0,1.0,9.992007221626413e-16
22,shrooms,knn,5,1.0,1.0,1.0,1.0,1.0,1.0,9.992007221626413e-16,1.0,1.0,1.0,1.0,1.0,1.0,9.992007221626413e-16
23,shrooms,knn,avg,1.0,1.0,1.0,1.0,1.0,1.0,9.992007221626413e-16,1.0,1.0,1.0,1.0,1.0,1.0,9.992007221626413e-16
24,shrooms,forest,1,1.0,1.0,1.0,1.0,1.0,1.0,9.992007221626413e-16,1.0,1.0,1.0,1.0,1.0,1.0,9.992007221626413e-16
25,shrooms,forest,2,1.0,1.0,1.0,1.0,1.0,1.0,9.992007221626413e-16,1.0,1.0,1.0,1.0,1.0,1.0,9.992007221626413e-16
26,shrooms,forest,3,1.0,1.0,1.0,1.0,1.0,1.0,9.992007221626413e-16,1.0,1.0,1.0,1.0,1.0,1.0,9.992007221626413e-16
27,shrooms,forest,4,1.0,1.0,1.0,1.0,1.0,1.0,9.992007221626413e-16,1.0,1.0,1.0,1.0,1.0,1.0,9.992007221626413e-16
28,shrooms,forest,5,1.0,1.0,1.0,1.0,1.0,1.0,9.992007221626413e-16,1.0,1.0,1.0,1.0,1.0,1.0,9.992007221626413e-16
29,shrooms,forest,avg,1.0,1.0,1.0,1.0,1.0,1.0,9.992007221626413e-16,1.0,1.0,1.0,1.0,1.0,1.0,9.992007221626413e-16
